window,3275,3275
visibility,100
start,1800,150
goal,1800,3100
rectangle,56,46,20,1344
rectangle,1344,46,20,1848
rectangle,952,494,20,1344
rectangle,504,942,20,448
rectangle,56,1390,20,448
rectangle,952,1390,20,896
rectangle,504,1838,20,448
rectangle,2744,1838,20,448
rectangle,504,2286,20,896
rectangle,2296,2286,20,896
rectangle,1400,2734,20,896
rectangle,56,3182,20,1344
rectangle,1848,3182,20,1344
rectangle,46,56,3136,20
rectangle,494,504,448,20
rectangle,494,2296,448,20
rectangle,942,952,896,20
rectangle,942,2744,448,20
rectangle,1390,504,448,20
rectangle,1390,1848,1344,20
rectangle,1838,952,1792,20
rectangle,2286,504,1792,20
rectangle,2734,56,1344,20
rectangle,2734,2744,448,20
rectangle,3182,56,3136,20