window,3275,3275
visibility,100
start,1800,150
goal,1800,3100
rectangle,40,30,20,1280
rectangle,1280,30,20,1960
rectangle,360,350,20,320
rectangle,1320,350,20,1600
rectangle,680,670,20,320
rectangle,1320,670,20,640
rectangle,2280,670,20,320
rectangle,40,990,20,640
rectangle,1320,990,20,320
rectangle,1960,990,20,320
rectangle,2600,990,20,640
rectangle,360,1310,20,960
rectangle,1960,1310,20,960
rectangle,360,1630,20,320
rectangle,1320,1630,20,960
rectangle,680,1950,20,640
rectangle,1960,1950,20,960
rectangle,360,2270,20,960
rectangle,1640,2270,20,320
rectangle,2280,2270,20,640
rectangle,40,2590,20,640
rectangle,1000,2590,20,640
rectangle,1960,2590,20,320
rectangle,2600,2590,20,320
rectangle,1640,2910,20,320
rectangle,2280,2910,20,320
rectangle,40,3230,20,1600
rectangle,1960,3230,20,1280
rectangle,30,40,3200,20
rectangle,350,360,640,20
rectangle,350,1320,640,20
rectangle,350,2920,320,20
rectangle,670,2280,640,20
rectangle,990,40,1600,20
rectangle,990,2600,320,20
rectangle,1310,680,320,20
rectangle,1310,1640,640,20
rectangle,1310,2920,320,20
rectangle,1630,1000,640,20
rectangle,1630,1960,960,20
rectangle,1950,1000,320,20
rectangle,1950,1640,320,20
rectangle,1950,2600,640,20
rectangle,2270,360,320,20
rectangle,2270,2280,320,20
rectangle,2590,680,960,20
rectangle,2590,2920,320,20
rectangle,2910,360,320,20
rectangle,2910,1640,320,20
rectangle,2910,2280,640,20
rectangle,3230,40,3200,20