window,3275,3275
visibility,100
start,1800,150
goal,1800,3100
rectangle,26,16,20,1495
rectangle,1495,16,20,1735
rectangle,453,230,20,427
rectangle,1094,230,20,1067
rectangle,2589,230,20,213
rectangle,240,443,20,213
rectangle,1521,443,20,427
rectangle,2162,443,20,640
rectangle,3017,443,20,213
rectangle,453,657,20,640
rectangle,1308,657,20,213
rectangle,2803,657,20,213
rectangle,240,871,20,640
rectangle,1308,871,20,640
rectangle,2162,871,20,854
rectangle,453,1084,20,213
rectangle,1094,1084,20,213
rectangle,1521,1084,20,213
rectangle,2162,1084,20,427
rectangle,2803,1084,20,427
rectangle,881,1298,20,213
rectangle,1735,1298,20,427
rectangle,2589,1298,20,427
rectangle,1094,1511,20,1495
rectangle,2803,1511,20,213
rectangle,240,1725,20,1068
rectangle,2589,1725,20,213
rectangle,667,1939,20,213
rectangle,1308,1939,20,213
rectangle,1735,1939,20,213
rectangle,2803,1939,20,213
rectangle,240,2152,20,427
rectangle,1521,2152,20,427
rectangle,3017,2152,20,213
rectangle,26,2366,20,427
rectangle,881,2366,20,213
rectangle,1308,2366,20,213
rectangle,2376,2366,20,640
rectangle,667,2579,20,213
rectangle,1521,2579,20,640
rectangle,240,2793,20,427
rectangle,1094,2793,20,1708
rectangle,453,3007,20,640
rectangle,1521,3007,20,1068
rectangle,26,3220,20,1495
rectangle,1735,3220,20,1495
rectangle,16,26,3204,20
rectangle,230,240,1708,20
rectangle,230,2589,427,20
rectangle,443,26,213,20
rectangle,443,1094,427,20
rectangle,443,1949,213,20
rectangle,443,2376,213,20
rectangle,657,240,427,20
rectangle,657,1094,854,20
rectangle,657,2162,640,20
rectangle,871,240,213,20
rectangle,871,881,640,20
rectangle,871,1949,427,20
rectangle,871,2589,427,20
rectangle,1084,26,213,20
rectangle,1084,453,640,20
rectangle,1084,1308,213,20
rectangle,1084,1949,854,20
rectangle,1084,3017,213,20
rectangle,1298,240,427,20
rectangle,1298,881,427,20
rectangle,1298,2162,427,20
rectangle,1298,2803,213,20
rectangle,1511,1094,1281,20
rectangle,1511,3017,213,20
rectangle,1725,453,427,20
rectangle,1725,1521,213,20
rectangle,1725,2376,213,20
rectangle,1939,667,640,20
rectangle,1939,1735,640,20
rectangle,2152,453,427,20
rectangle,2152,1521,854,20
rectangle,2152,2589,213,20
rectangle,2366,26,640,20
rectangle,2366,1094,213,20
rectangle,2366,1735,854,20
rectangle,2579,667,213,20
rectangle,2579,1094,1067,20
rectangle,2579,2589,213,20
rectangle,2793,240,427,20
rectangle,2793,1949,640,20
rectangle,2793,2803,427,20
rectangle,3007,26,213,20
rectangle,3007,1308,640,20
rectangle,3007,2376,640,20
rectangle,3220,26,3204,20